240 1
30 1
266 1
249 1
271 1
48 1
297 2
146 2
127 2
175 2
90 2
192 2
154 2
53 2
265 2
257 3
64 3
42 3
178 3
8 3
299 3
38 3
134 3
327 3
211 3
171 3
144 3
73 4
88 4
190 4
103 4
177 5
260 5
122 5
268 5
331 5
166 5
214 5
109 5
226 5
372 6
374 6
371 6
1 7
298 7
128 7
210 7
202 7
370 7
143 7
335 7
200 7
272 7
338 8
293 8
278 8
20 8
352 9
106 9
208 9
161 9
45 9
47 9
52 9
247 9
147 9
113 9
320 10
50 10
276 10
339 10
28 10
167 10
7 10
62 10
302 10
256 10
282 10
294 10
369 11
376 11
365 11
141 11
364 11
377 11
367 11
378 11
366 11
368 11
241 12
17 12
137 12
168 12
197 12
116 12
104 12
46 12
54 12
238 12
57 12
173 12
69 12
22 12
86 12
328 12
118 12
13 12
142 12
236 12
355 12
193 12
209 12
270 12
316 12
138 12
162 12
362 12
185 12
313 12
251 12
99 12
114 12
187 12
120 13
136 14
344 14
140 14
216 14
194 14
188 14
315 14
284 14
219 14
291 14
312 14
40 14
55 14
58 14
341 14
310 14
285 14
174 14
246 14
379 14
85 14
361 14
107 14
111 15
221 15
234 15
305 15
6 15
152 15
329 15
66 15
183 15
124 15
384 15
74 15
250 15
385 15
91 15
261 15
96 15
326 15
351 15
280 15
274 15
225 16
16 16
199 16
92 16
264 16
380 16
286 16
112 16
84 16
252 16
170 16
70 16
332 17
145 17
18 17
95 18
244 18
358 18
317 18
159 18
205 18
160 18
243 18
346 18
360 18
27 18
347 18
356 19
330 19
259 19
126 19
287 19
15 19
65 20
289 21
11 21
33 21
67 21
263 21
49 21
267 21
130 21
157 21
181 21
350 21
77 22
12 22
43 22
35 22
87 22
345 22
343 22
382 23
201 23
195 23
184 23
133 23
196 23
19 23
100 23
135 23
156 23
319 23
333 23
230 23
306 24
237 24
363 24
129 24
301 24
375 24
155 24
9 24
186 24
39 24
31 24
148 24
21 24
283 24
63 24
253 24
324 25
288 25
228 25
303 25
10 25
75 25
101 25
204 25
36 25
245 25
213 26
60 26
295 26
82 26
233 26
25 26
164 26
307 26
3 27
165 27
235 27
354 27
239 27
232 27
44 27
381 27
41 27
56 27
353 27
179 27
322 27
348 27
102 27
314 27
227 28
212 28
254 28
158 28
359 28
108 28
258 28
121 28
149 28
14 28
292 29
172 29
93 29
279 29
273 29
29 29
110 29
223 29
262 29
71 29
131 29
51 29
248 29
308 29
2 30
290 30
189 30
349 30
218 30
80 30
119 30
318 30
76 30
150 30
139 30
296 30
309 30
105 30
357 30
163 30
34 30
176 30
269 30
132 30
220 31
97 31
115 31
383 31
373 31
61 31
224 31
169 31
78 31
4 31
24 31
300 31
281 31
117 31
180 31
325 31
123 31
275 31
340 31
229 31
277 31
83 31
37 31
153 32
231 32
125 32
26 32
207 32
198 32
182 32
5 33
323 33
304 33
342 33
217 33
191 34
23 34
203 34
79 34
311 34
206 34
89 34
321 34
94 34
242 35
72 35
151 35
81 35
336 35
334 36
32 36
222 36
337 36
215 36
98 36
255 36
59 36
68 36
