1 9
255 10
149 5
259 4
191 6
5 4
383 3
39 2
276 7
179 10
372 10
232 6
11 5
145 10
244 3
278 4
318 11
147 13
97 1
165 11
333 6
201 6
332 4
66 12
77 14
86 4
349 5
231 13
293 7
139 8
154 7
192 2
373 1
379 5
337 10
292 8
38 7
60 14
190 11
198 3
377 14
331 3
281 1
365 13
324 13
50 3
93 8
245 13
269 8
326 12
2 1
76 5
345 5
17 2
258 14
21 2
85 13
250 12
126 11
31 2
92 11
286 3
54 2
89 6
33 6
364 3
348 13
381 8
382 2
74 12
320 4
380 11
152 12
155 2
261 12
18 3
240 2
239 9
323 3
35 3
45 4
368 8
214 9
169 1
321 6
307 14
177 3
176 7
7 6
310 4
370 4
182 11
338 7
8 9
215 10
385 12
6 12
12 11
19 13
101 13
170 7
15 9
174 4
306 2
304 9
16 7
371 6
175 6
91 12
164 14
4 1
305 12
80 13
172 8
329 12
47 8
340 1
225 7
173 9
14 8
90 10
95 10
103 14
36 13
9 2
43 11
13 2
3 3
146 3
376 14
98 7
222 11
308 8
374 7
10 13
122 5
302 3
75 13
336 6
129 2
121 13
123 1
48 9
204 13
335 4
83 1
294 3
28 3
221 12
120 3
124 12
260 10
130 8
233 14
128 4
256 3
375 2
257 5
131 7
262 8
234 12
73 10
223 8
312 10
297 9
242 5
249 9
207 10
243 2
251 1
311 6
135 7
106 3
300 1
253 2
298 4
264 7
350 4
78 1
132 8
299 10
206 6
303 13
125 10
212 5
81 5
213 14
325 1
133 7
369 9
72 6
224 1
134 8
30 9
339 3
366 5
219 14
347 3
296 5
88 8
358 6
127 9
216 7
252 7
378 9
205 5
46 6
107 4
319 9
71 8
20 7
82 14
277 1
291 13
24 1
197 9
273 10
322 5
25 4
62 7
144 6
56 10
41 4
69 9
117 11
151 7
317 10
279 10
116 1
344 13
148 2
180 1
23 6
143 4
26 9
230 12
268 14
271 11
360 12
228 13
42 5
200 4
237 9
266 3
208 8
141 2
270 9
280 12
111 12
282 7
384 12
272 4
274 12
57 14
109 14
195 12
96 12
283 2
342 5
61 1
341 13
287 5
196 3
44 4
34 11
202 4
63 2
186 9
189 8
178 6
267 11
343 14
289 11
37 1
246 14
27 14
363 2
140 8
211 6
290 8
150 11
367 11
238 2
288 14
275 1
142 8
70 11
84 7
153 5
51 8
32 7
67 11
346 14
68 8
94 6
49 4
184 10
53 7
87 11
199 3
351 12
226 14
353 13
203 7
52 9
161 4
163 5
159 9
110 10
64 6
29 8
157 11
168 9
209 9
58 13
59 5
108 5
330 11
217 1
295 14
210 4
158 8
156 2
171 2
166 13
160 10
79 7
167 3
334 10
301 2
247 11
254 4
248 8
356 11
227 10
183 12
162 7
229 9
352 6
65 10
187 8
362 7
181 5
218 5
22 14
220 1
357 8
355 14
115 11
114 1
361 1
102 5
327 3
265 2
263 9
55 5
359 10
235 9
100 2
119 11
118 1
328 1
112 13
113 6
105 9
99 10
188 1
185 2
194 1
193 2
236 1
241 1
354 1
313 3
309 5
40 1
314 2
104 1
136 2
137 1
315 2
138 1
284 2
285 2
316 1
