156 1
296 1
218 1
76 1
194 1
236 1
285 1
22 1
349 1
205 1
136 1
241 1
46 1
107 1
284 1
379 1
354 1
188 1
269 1
140 1
189 1
54 1
40 1
315 1
290 1
174 1
207 2
68 2
128 2
191 2
298 2
182 2
335 2
23 2
5 2
287 3
169 3
317 3
330 3
247 3
126 3
259 4
356 4
291 4
15 4
30 5
180 5
249 5
25 5
340 5
42 6
211 6
38 6
192 6
201 6
299 6
171 6
133 6
11 6
257 6
275 7
61 7
277 7
373 7
281 7
383 7
300 7
78 7
114 7
319 7
83 7
220 7
224 7
105 7
146 7
229 7
134 7
321 8
123 8
153 8
72 8
81 8
260 9
231 9
255 9
198 9
338 9
125 9
365 10
369 10
367 10
377 10
368 10
380 10
366 10
376 10
364 10
375 11
155 11
283 11
63 11
31 11
253 11
9 11
363 11
243 11
265 11
129 11
148 11
21 11
240 11
306 11
186 11
39 11
27 12
264 12
59 12
331 12
248 12
157 12
122 12
175 12
342 12
131 13
271 13
18 13
124 14
221 14
91 14
234 14
183 14
66 14
274 14
326 14
250 14
96 14
74 14
329 14
6 14
305 14
152 14
385 14
384 14
280 14
111 14
351 14
261 14
374 15
371 15
372 15
103 16
73 16
120 16
60 17
109 17
227 17
258 17
82 17
233 17
288 17
213 17
164 17
295 17
307 17
293 18
93 18
20 18
381 19
327 19
357 19
197 19
97 19
230 19
309 19
238 19
119 19
132 19
159 19
353 19
378 19
117 19
115 19
251 19
44 19
37 19
195 19
26 20
48 20
210 20
167 20
94 20
278 20
202 20
242 20
29 20
75 21
36 21
228 21
10 21
303 21
324 21
158 21
345 21
204 21
101 21
112 21
166 21
130 22
45 22
203 22
62 22
41 22
360 22
276 22
282 22
47 22
12 22
154 22
350 22
320 22
267 23
16 23
225 23
67 23
252 23
70 23
190 23
84 23
262 23
92 23
170 23
289 23
51 24
178 24
292 24
206 24
311 24
89 24
322 24
382 25
144 25
55 25
8 25
184 25
347 25
165 25
179 25
256 25
28 25
302 25
244 25
33 25
102 25
214 26
325 26
4 26
90 26
286 26
266 26
297 26
127 26
196 26
279 27
226 27
77 27
145 27
273 27
87 27
52 27
71 27
110 27
304 28
65 28
217 28
2 29
95 29
141 29
58 29
310 29
147 29
361 29
56 29
359 29
358 29
216 29
176 29
344 29
341 29
312 29
219 29
314 29
246 29
181 29
245 30
34 30
85 30
108 30
163 30
172 30
348 30
80 30
121 30
150 30
318 30
232 30
139 30
100 30
3 30
35 31
254 31
208 31
308 31
343 31
14 31
1 31
79 31
43 31
215 32
337 32
199 32
223 32
334 32
32 32
151 32
88 32
98 32
106 33
339 33
323 33
346 33
177 33
49 33
50 33
294 33
160 33
370 34
272 34
24 34
212 34
200 34
143 34
332 34
263 35
113 35
333 35
268 35
7 35
149 35
222 35
64 35
336 35
352 35
161 35
239 36
316 36
13 36
313 36
86 36
237 36
193 36
235 36
187 36
362 36
69 36
138 36
328 36
57 36
168 36
185 36
19 36
118 36
137 36
17 36
53 36
142 36
209 36
116 36
270 36
104 36
99 36
355 36
301 36
173 36
162 36
135 36
